$item_block
409 41 16 16 0.15 0 0 16 16
426 41 16 16 0.15 0 0 16 16
443 41 16 16 0.15 0 0 16 16
460 41 16 16 0.15 0 0 16 16

$coin_item
324 92 16 16 0.1 0 0 16 16
341 92 16 16 0.1 0 0 16 16
358 92 16 16 0.1 0 0 16 16
375 92 16 16 0.1 0 0 16 16

$gold_brick_block
409 7 16 16 0.15 0 0 16 16
426 7 16 16 0.15 0 0 16 16
443 7 16 16 0.15 0 0 16 16
460 7 16 16 0.15 0 0 16 16

$gold_brick_block_broken
409 58 16 16 0.05 0 0 16 16
426 58 16 16 0.05 0 0 16 16
443 58 16 16 0.05 0 0 16 16

$smoke
409 24 7 7 0.05 0 0 7 7
426 24 7 7 0.05 0 0 7 7
443 24 7 7 0.05 0 0 7 7
460 24 7 7 0.05 0 0 7 7

$lava
171 177 16 16 0.2 0 0 16 16
188 177 16 16 0.2 0 0 16 16
205 177 16 16 0.2 0 0 16 16
222 177 16 16 0.2 0 0 16 16
239 177 16 16 0.2 0 0 16 16
256 177 16 16 0.2 0 0 16 16
273 177 16 16 0.2 0 0 16 16
290 177 16 16 0.2 0 0 16 16
