FLOOR 0 496 623 32
SOLIDBLOCK 623 480 16 32
FLOOR 639 480 450 32
FLOOR 1151 496 352 32
FLOOR 1535 496 80 32
FLOOR 1663 496 544 32
FLOOR 2223 496 556 32
SOLIDBLOCK 175 432 16 16
SOLIDBLOCK 191 432 16 16
SOLIDBLOCK 223 384 16 16
SOLIDBLOCK 240 384 16 16
FLOOR 240 448 48 48
FLOOR 271 416 48 80
SOLIDBLOCK 352 448 32 32
SOLIDBLOCK 352 480 32 16
FLOOR 400 448 80 48
SOLIDBLOCK 415 400 16 16
FLOOR 400 448 80 48
FLOOR 463 416 64 80
FLOOR 511 464 96 32
FLOOR 511 384 64 112
SOLIDBLOCK 655 464 16 16
SOLIDBLOCK 703 432 16 16
SOLIDBLOCK 1471 448 16 16
SOLIDBLOCK 1503 416 32 16
SOLIDBLOCK 1567 480 16 16
SOLIDBLOCK 1583 464 16 16
SOLIDBLOCK 1599 448 16 16
SOLIDBLOCK 1663 448 16 16
SOLIDBLOCK 1679 464 16 16
SOLIDBLOCK 1695 480 16 16
SOLIDBLOCK 2223 448 16 16
SOLIDBLOCK 2239 448 16 16
SOLIDBLOCK 2223 384 16 16
SOLIDBLOCK 2239 384 16 16
FLOOR 1263 464 112 32
FLOOR 1295 432 112 64
FLOOR 1327 400 112 96
FLOOR 2111 448 48 48
FLOOR 2143 352 48 144
SOLIDBLOCK 1759 464 32 32
SOLIDBLOCK 1823 448 32 32
SOLIDBLOCK 1823 480 32 16
SOLIDBLOCK 1823 448 32 32
SOLIDBLOCK 2223 464 32 32
SOLIDBLOCK 2223 192 32 192
SOLIDBLOCK 2287 464 32 32