block
SOLIDBLOCK -50 0 50 800
FLOOR 1296 496 176 16
FLOOR 1490 496 1076 16
FLOOR 177 465 64 32
FLOOR 225 417 64 32
FLOOR 0 496 2560 512
BRICK 512 432 16 16
BRICK 512 448 16 16
BRICK 512 464 16 16
BRICK 512 480 16 16
BRICK 528 432 16 16
BRICK 528 448 16 16
ITEMBLOCK 528 464 16 16 COIN 0
BRICK 528 480 16 16
BRICK 544 432 16 16
BRICK 544 480 16 16
BRICK 560 448 16 16
BRICK 576 448 16 16
BRICK 576 464 16 16
BRICK 592 416 16 16
BRICK 576 432 16 16
BRICK 576 464 16 16
BRICK 608 416 16 16
BRICK 608 432 16 16
BRICK 608 464 16 16
BRICK 608 480 16 16
BRICK 624 416 16 16
BRICK 624 464 16 16
BRICK 624 480 16 16
BRICK 640 416 16 16
BRICK 640 432 16 16
BRICK 640 464 16 16
BRICK 640 480 16 16
ITEMBLOCK 640 448 16 16 COIN 0
SOLIDBLOCK 721 433 64 16
SOLIDBLOCK 833 432 16 64
SOLIDBLOCK 960 448 16 48
SOLIDBLOCK 1088 432 16 64
SOLIDBLOCK 1216 432 16 64
FLOOR 1554 449 80 32
FLOOR 1569 353 64 32
FLOOR 1649 417 64 32
FLOOR 1729 385 64 32
FLOOR 1761 433 80 32
FLOOR 1857 401 64 32
FLOOR 1937 369 64 128
SOLIDBLOCK 2427 411 26 26
enemy
item